#################################################################### 01 weak
terrect
18
0.3
0 -13.15
0


rect
0
0 0
0
3000
0.3
2.6
-5 -11.700000
0

rect
0
0 0
0
3000
0.3
2.6
5 -11.700000
0

rect
0
0 0
0
3000
0.3
2.6
-5 -8.900000
0

rect
0
0 0
0
3000
0.3
2.6
5 -8.900000
0

rect
0
0 0
0
3000
0.3
2.6
-5 -6.100000
0

rect
0
0 0
0
3000
0.3
2.6
5 -6.100000
0

rect
0
0 0
0
3000
0.3
2.6
-5 -3.300000
0

rect
0
0 0
0
3000
0.3
2.6
5 -3.300000
0

rect
0
0 0
0
3000
10.7
0.2
0 -10.300000
0

rect
0
0 0
0
3000
10.7
0.2
0 -7.500000
0

rect
0
0 0
0
3000
10.7
0.2
0 -4.700000
0

rect
0
0 0
0
3000
10.7
0.2
0 -1.900000
0
#################################################################### 02 strong

#################################################################### 02 strong
terrect
18
0.3
0 -13.15
0




rect
0
0 0
0
3000
0.6
2.6
-5 -11.700000
0

rect
0
0 0
0
3000
0.3
2.6
5 -11.700000
0

rect
0
0 0
0
3000
0.6
2.6
-5 -8.900000
0

rect
0
0 0
0
3000
0.3
2.6
5 -8.900000
0

rect
0
0 0
0
3000
0.6
2.6
-5 -6.100000
0

rect
0
0 0
0
3000
0.3
2.6
5 -6.100000
0

rect
0
0 0
0
3000
0.6
2.6
-5 -3.300000
0

rect
0
0 0
0
3000
0.3
2.6
5 -3.300000
0

rect
0
0 0
0
3000
10.7
0.2
0 -10.300000
0

rect
0
0 0
0
3000
10.7
0.2
0 -7.500000
0

rect
0
0 0
0
3000
10.7
0.2
0 -4.700000
0

rect
0
0 0
0
3000
10.7
0.2
0 -1.900000
0













