第一栋#########################################
terrect
8
0.3
0 -3.15
0



rect
0
0 0
0
3000
0.5
2.6
-2  -1.7
0

rect
0
0 0
0
3000
0.5
2.6
2  -1.7
0



rect
0
0 0
0
10000
5.2
0.4
0  -0.2
0


第二栋   单层砌体#####################################################################################

terrect
8
0.3
0 -3.15
0

rect
0
0 0
0
10000
4.4
0.4
0  -0.200
0

rect
0
0 0
0
300
0.2
0.26
2 -2.870000
0

rect
0
0 0
0
300
0.2
0.26
2 -2.610000
0

rect
0
0 0
0
300
0.2
0.26
2 -2.350000
0

rect
0
0 0
0
300
0.2
0.26
2 -2.090000
0

rect
0
0 0
0
300
0.2
0.26
2 -1.830000
0

rect
0
0 0
0
300
0.2
0.26
2 -1.570000
0

rect
0
0 0
0
300
0.2
0.26
2 -1.310000
0

rect
0
0 0
0
300
0.2
0.26
2 -1.050000
0

rect
0
0 0
0
300
0.2
0.26
2 -0.790000
0

rect
0
0 0
0
300
0.2
0.26
2 -0.530000
0

rect
0
0 0
0
300
0.2
0.26
-2 -2.870000
0

rect
0
0 0
0
300
0.2
0.26
-2 -2.610000
0

rect
0
0 0
0
300
0.2
0.26
-2 -2.350000
0

rect
0
0 0
0
300
0.2
0.26
-2 -2.090000
0

rect
0
0 0
0
300
0.2
0.26
-2 -1.830000
0

rect
0
0 0
0
300
0.2
0.26
-2 -1.570000
0

rect
0
0 0
0
300
0.2
0.26
-2 -1.310000
0

rect
0
0 0
0
300
0.2
0.26
-2 -1.050000
0

rect
0
0 0
0
300
0.2
0.26
-2 -0.790000
0

rect
0
0 0
0
300
0.2
0.26
-2 -0.530000
0


第三栋   10与3层楼房#################################################################

terrect
18
0.3
0 -13.15
0

rect
0
0 0
0
3000
0.3
2.6
-5 -11.700000
0

rect
0
0 0
0
3000
0.3
2.6
5 -11.700000
0

rect
0
0 0
0
3000
0.3
2.6
-5 -8.900000
0

rect
0
0 0
0
3000
0.3
2.6
5 -8.900000
0

rect
0
0 0
0
3000
0.3
2.6
-5 -6.100000
0

rect
0
0 0
0
3000
0.3
2.6
5 -6.100000
0

rect
0
0 0
0
3000
0.3
2.6
-5 -3.300000
0

rect
0
0 0
0
3000
0.3
2.6
5 -3.300000
0

rect
0
0 0
0
3000
0.3
2.6
-5 -0.500000
0

rect
0
0 0
0
3000
0.3
2.6
5 -0.500000
0

rect
0
0 0
0
3000
0.3
2.6
-5 2.300000
0

rect
0
0 0
0
3000
0.3
2.6
5 2.300000
0

rect
0
0 0
0
3000
0.3
2.6
-5 5.100000
0

rect
0
0 0
0
3000
0.3
2.6
5 5.100000
0

rect
0
0 0
0
3000
0.3
2.6
-5 7.900000
0

rect
0
0 0
0
3000
0.3
2.6
5 7.900000
0

rect
0
0 0
0
3000
0.3
2.6
-5 10.700000
0

rect
0
0 0
0
3000
0.3
2.6
5 10.700000
0

rect
0
0 0
0
3000
0.3
2.6
-5 13.500000
0

rect
0
0 0
0
3000
0.3
2.6
5 13.500000
0

rect
0
0 0
0
3000
11.0
0.2
0 -10.300000
0

rect
0
0 0
0
3000
11.0
0.2
0 -7.500000
0

rect
0
0 0
0
3000
11.0
0.2
0 -4.700000
0

rect
0
0 0
0
3000
11.0
0.2
0 -1.900000
0

rect
0
0 0
0
3000
11.0
0.2
0 0.900000
0

rect
0
0 0
0
3000
11.0
0.2
0 3.700000
0

rect
0
0 0
0
3000
11.0
0.2
0 6.500000
0

rect
0
0 0
0
3000
11.0
0.2
0 9.300000
0

rect
0
0 0
0
3000
11.0
0.2
0 12.100000
0

rect
0
0 0
0
3000
11.0
0.2
0 14.900000
0


